4294967278,17
4294967278,225
4294967278,223
4294967278,18
4294967278,215
4294967278,245
4294967278,19
4294967278,549
4294967278,565
4294967278,20
4294967278,529
4294967278,22
4294967278,21
4294967278,527
4294967278,278
4294967278,27
4294967278,26
4294967278,25
4294967278,24
4294967278,23
4294967278,277
4294967278,327
4294967279,384
4294967294,126
4294967294,18
4294967294,104
4294967294,106
4294967294,166
4294967294,24
4294967294,175
4294967294,176
4294967294,1354
4294967278,29
4294967278,28
4294967279,313
4294967279,376
4294967278,573
4294967279,359
4294967278,32
4294967278,31
4294967278,30
4294967279,338
4294967278,524
4294967279,337
4294967278,522
4294967278,36
4294967278,35
4294967278,34
4294967278,33
4294967279,336
4294967278,523
4294967279,389
4294967279,346
4294967279,375
4294967278,563
4294967279,374
4294967278,562
4294967279,335
4294967278,572
4294967279,358
4294967278,38
4294967278,37
4294967278,547
4294967279,330
4294967278,42
4294967278,41
4294967278,40
4294967278,39
4294967279,190
4294967278,545
4294967279,356
4294967278,521
4294967279,334
4294967278,512
4294967279,321
4294967278,319
4294967279,320
4294967278,43
4294967278,45
4294967278,44
4294967279,317
4294967279,303
4294967279,180
4294967278,51
4294967278,50
4294967278,49
4294967278,48
4294967278,47
4294967278,46
4294967279,179
4294967279,315
4294967278,176
4294967279,354
4294967278,543
4294967279,176
4294967279,353
4294967278,312
4294967279,314
4294967278,520
4294967279,333
4294967278,171
4294967279,172
4294967278,170
4294967279,332
4294967278,310
4294967279,312
4294967278,309
4294967278,54
4294967278,53
4294967278,52
4294967278,168
4294967279,311
4294967279,329
4294967278,55
4294967279,373
4294967279,310
4294967279,328
4294967279,327
4294967279,309
4294967278,58
4294967278,57
4294967278,56
4294967279,162
4294967279,301
4294967279,331
4294967279,159
4294967279,157
4294967278,59
4294967279,299
4294967279,155
4294967278,60
4294967279,325
4294967279,382
4294967279,381
4294967279,298
4294967278,62
4294967278,61
4294967279,87
4294967279,86
4294967279,85
4294967279,83
4294967279,81
4294967279,80
4294967279,79
4294967279,78
4294967279,76
4294967279,75
4294967279,74
4294967279,71
4294967279,70
4294967279,69
4294967279,68
4294967279,67
4294967279,66
4294967279,65
4294967279,63
4294967279,61
4294967279,59
4294967279,58
4294967279,57
4294967279,56
4294967279,54
4294967279,53
4294967279,52
4294967279,50
4294967279,49
4294967279,48
4294967279,46
4294967279,45
4294967279,43
4294967279,42
4294967279,41
4294967279,39
4294967279,36
4294967279,33
4294967279,31
4294967279,30
4294967279,27
4294967279,26
4294967279,25
4294967279,20
4294967279,19
4294967279,14
4294967279,10
4294967279,307
4294967279,297
4294967279,148
4294967279,147
4294967279,34
4294967279,306
4294967279,145
4294967294,388
4294967279,32
4294967279,144
4294967279,295
4294967279,143
88,6
4294967279,140
4294967279,29
4294967279,293
4294967279,372
88,5
4294967279,139
4294967279,279
88,4
88,3
88,2
88,1
4294967279,137
4294967279,136
4294967294,479
4294967279,23
4294967279,135
4294967279,276
4294967279,133
87,5
4294967279,18
4294967279,275
87,4
4294967279,274
87,3
87,2
87,1
4294967279,283
4294967279,273
4294967294,430
4294967279,17
4294967279,288
4294967279,270
4294967279,13
4294967279,268
4294967279,267
4294967279,266
4294967279,265
86,4
86,3
86,2
86,1
4294967279,264
4294967279,262
4294967279,284
4294967279,282
4294967279,259
4294967278,555
4294967278,536
4294967278,537
84,5
4294967278,553
4294967294,89
84,4
4294967278,552
84,3
84,2
84,1
4294967278,326
4294967278,532
4294967294,99
4294967294,76
4294967294,41
4294967278,531
4294967278,530
4294967278,254
83,4
83,3
83,2
83,1
4294967278,253
4294967294,390
4294967294,389
4294967294,120
4294967294,395
4294967294,409
4294967294,399
4294967294,407
4294967294,385
4294967294,179
4294967294,398
4294967294,406
4294967294,415
4294967294,535
4294967294,953
4294967294,167
4294967294,183
4294967294,455
4294967294,453
4294967294,112
4294967278,550
4294967294,469
4294967294,1
4294967294,911
4294967294,907
4294967294,29
4294967278,325
4294967278,249
4294967278,247
4294967278,324
4294967294,107
4294967294,90
4294967294,86
4294967294,85
4294967294,478
4294967294,955
4294967294,387
4294967294,53
4294967294,45
4294967294,393
4294967294,1357
4294967294,44
4294967294,8
4294967278,243
4294967294,6
4294967294,22
4294967294,92
4294967294,88
4294967278,241
4294967278,239
4294967279,388
4294967279,0
4294967278,540
4294967278,0
4294967278,566
4294967278,235
4294967294,956
